 &planet_nl
 ECCEN       =     0.0
 MVELP       =     0.0
 OBLIQ       =     0.0
 GSOL0       =  1367.0
 NFIXORB     =     1
 SIDEREAL_YEAR= 1.2924614E6
 SIDEREAL_DAY=  1.2924614E6
 /END
